919191 0
919210 0
919315 0
919496 0
919512 0
919613 0
919793 0
919895 0
919997 0
911016 0
911198 0
911214 0
911399 0
911492 0
911594 0
911611 0
929114 0
929216 0
929311 0
929499 0
929594 0
929615 0
929796 0
929891 0
929913 0
921092 0
921112 0
921295 0
921393 0
921497 0
921598 0
921610 0
939193 0
939295 0
939313 0
939494 0
939592 0
939698 0
939797 0
939816 0
939999 0
931011 0
931191 0
931210 0
931315 0
931414 0
931512 0
931696 0
949197 0
949292 0
949312 0
949498 0
949510 0
949611 0
949799 0
949814 0
949994 0
941093 0
941115 0
941296 0
941316 0
941491 0
941513 0
941695 0
959192 0
959299 0
959395 0
959414 0
959596 0
959616 0
959713 0
959811 0
959910 0
951091 0
951194 0
951297 0
951312 0
951493 0
951515 0
951698 0
969116 0
969294 0
969310 0
969415 0
969595 0
969692 0
969798 0
969893 0
969912 0
961014 0
961199 0
961211 0
961397 0
961496 0
961591 0
961613 0
979113 0
979293 0
979398 0
979497 0
979591 0
979694 0
979714 0
979812 0
979996 0
971015 0
971195 0
971292 0
971310 0
971411 0
971516 0
971699 0
989196 0
989211 0
989391 0
989412 0
989597 0
989610 0
989715 0
989899 0
989993 0
981098 0
981116 0
981213 0
981392 0
981494 0
981595 0
981614 0
999112 0
999215 0
999396 0
999411 0
999599 0
999614 0
999716 0
999813 0
999998 0
991095 0
991197 0
991293 0
991394 0
991410 0
991592 0
991691 0
109199 0
109291 0
109394 0
109492 0
109593 0
109696 0
109795 0
109897 0
109914 0
101013 0
101110 0
101215 0
101398 0
101416 0
101511 0
101612 0
119110 0
119298 0
119316 0
119493 0
119515 0
119691 0
119794 0
119892 0
119911 0
111099 0
111196 0
111212 0
111395 0
111413 0
111514 0
111697 0
129195 0
129297 0
129314 0
129413 0
129511 0
129612 0
129710 0
129898 0
129916 0
121094 0
121192 0
121291 0
121396 0
121415 0
121599 0
121693 0
139194 0
139214 0
139392 0
139410 0
139513 0
139695 0
139712 0
139815 0
139991 0
131097 0
131193 0
131298 0
131311 0
131499 0
131596 0
131616 0
149115 0
149213 0
149393 0
149495 0
149598 0
149699 0
149791 0
149896 0
149992 0
141010 0
141111 0
141216 0
141314 0
141412 0
141597 0
141694 0
159111 0
159212 0
159399 0
159491 0
159516 0
159697 0
159792 0
159810 0
159995 0
151096 0
151114 0
151294 0
151313 0
151498 0
151593 0
151615 0
169198 0
169296 0
169397 0
169416 0
169514 0
169693 0
169711 0
169894 0
169915 0
161012 0
161113 0
161299 0
161391 0
161495 0
161510 0
161692 0
