919112 
919213 
919314 
919415 
919516 
919691 
919792 
919893 
919994 
911011 
911112 
911213 
911314 
911415 
911516 
911691 
929116 
929291 
929392 
929493 
929594 
929695 
929796 
929897 
929998 
921015 
921116 
921291 
921392 
921493 
921594 
921695 
939194 
939295 
939396 
939497 
939598 
939699 
939710 
939811 
939912 
931093 
931194 
931295 
931396 
931497 
931598 
931699 
949198 
949299 
949310 
949411 
949512 
949613 
949714 
949815 
949916 
941097 
941198 
941299 
941310 
941411 
941512 
941613 
959112 
959213 
959314 
959415 
959516 
959691 
959792 
959893 
959994 
951011 
951112 
951213 
951314 
951415 
951516 
951691 
969113 
969214 
969315 
969416 
969591 
969692 
969793 
969894 
969995 
961012 
961113 
961214 
961315 
961416 
961591 
961692 
979191 
979292 
979393 
979494 
979595 
979696 
979797 
979898 
979999 
971016 
971191 
971292 
971393 
971494 
971595 
971696 
989195 
989296 
989397 
989498 
989599 
989610 
989711 
989812 
989913 
981094 
981195 
981296 
981397 
981498 
981599 
981610 
999199 
999210 
999311 
999412 
999513 
999614 
999715 
999816 
999991 
991098 
991199 
991210 
991311 
991412 
991513 
991614 
109113 
109214 
109315 
109416 
109591 
109692 
109793 
109894 
109995 
101012 
101113 
101214 
101315 
101416 
101591 
101692 
119114 
119215 
119316 
119491 
119592 
119693 
119794 
119895 
119996 
111013 
111114 
111215 
111316 
111491 
111592 
111693 
129192 
129293 
129394 
129495 
129596 
129697 
129798 
129899 
129910 
121091 
121192 
121293 
121394 
121495 
121596 
121697 
139196 
139297 
139398 
139499 
139510 
139611 
139712 
139813 
139914 
131095 
131196 
131297 
131398 
131499 
131510 
131611 
149110 
149211 
149312 
149413 
149514 
149615 
149716 
149891 
149992 
141099 
141110 
141211 
141312 
141413 
141514 
141615 
159114 
159215 
159316 
159491 
159592 
159693 
159794 
159895 
159996 
151013 
151114 
151215 
151316 
151491 
151592 
151693 
169115 
169216 
169391 
169492 
169593 
169694 
169795 
169896 
169997 
161014 
161115 
161216 
161391 
161492 
161593 
161694 
